Webots Project File version R2023b
perspectives: 000000ff00000000fd0000000300000000000001ca0000039ffc0200000001fb00000012005300630065006e0065005400720065006501000000000000039f000000000000000000000001000001ab0000032ffc0200000001fb0000001400540065007800740045006400690074006f007201000000160000032f0000008800ffffff00000003000007380000009bfc0100000002fb0000000e0043006f006e0073006f006c006501000001d0000005b00000000000000000fc00000000000007380000006900fffffffa000000000100000002fb0000001a0043006f006e0073006f006c00650041006c006c0041006c006c0100000000ffffffff0000006900fffffffb0000001a0043006f006e0073006f006c00650041006c006c0041006c006c0100000000ffffffff00000000000000000000058b0000032f00000004000000040000000100000008fc00000000
simulationViewPerspectives: 000000ff000000010000000200000100000004890100000002010000000101
sceneTreePerspectives: 000000ff00000001000000030000001c000000c0000000fa0100000002010000000201
maximizedDockId: -1
centralWidgetVisible: 1
orthographicViewHeight: 1
textFiles: 0 "controllers/camera_status_publisher/camera_status_publisher.py"
globalOptionalRendering: LightSensorRays::LidarRaysPaths::LidarPointClouds
consoles: Console:All:All
renderingDevicePerspectives: vehicle:camera;1;7.07813;0.00172264;0.00264901
